2
105
634
635
636
644
650
654
752
777
782
783
787
791
792
894
902
904
908
1052
1060
1064
1065
1261
1267
1287
1494
1499
1673
1680
1892
1899
1962
1974
2074
2083
2152
2153
2166
2292
2471
2472
2473
2620
2817
2828
3022
1266
2658
2666
2668
2669
2670
2672
2673
2860
2863
2866
2867
3031
3032
3036
3037
3040
3162
3164
3300
3306
3311
3315
3457
3466
3478
3617
3618
3738
3806
645
2333
2501
2664
2665
2671
2859
3030
3305
3465
775
2331
2332
2334
2335
2499
2500
2502
2657
2659
2660
2661
2663
2861
3026
3029
3159
3304
3314
3606
