186
202
205
206
207
208
209
210
211
212
214
215
217
218
220
221
223
224
226
227
228
230
231
232
235
236
239
240
242
244
253
254
255
257
258
259
263
264
266
271
272
273
274
275
279
280
281
282
283
284
286
288
289
291
292
294
296
297
298
300
301
302
303
304
306
308
309
313
315
318
321
322
323
325
327
333
334
335
339
340
341
342
345
346
347
348
349
351
352
353
357
358
359
360
366
369
370
372
374
375
378
379
380
381
386
387
388
390
391
393
395
396
397
398
399
400
401
402
404
405
406
407
408
409
410
411
412
413
415
416
417
418
419
420
423
424
425
426
427
428
430
431
432
433
442
443
444
445
447
448
449
450
453
454
455
457
458
462
467
469
470
471
472
476
477
479
480
481
483
485
487
489
490
492
495
496
497
498
499
500
501
502
503
507
508
509
510
