419
271
282
286
388
398
399
417
469
471
476
479
480
483
484
493
494
504
514
561
565
573
574
577
581
582
586
587
588
590
593
594
595
596
597
598
601
604
605
610
611
616
723
754
759
762
764
768
776
779
799
826
956
957
963
966
968
975
1066
1071
1077
1146
1218
1245
1251
1252
1253
1256
1257
1261
1273
1306
1309
1310
1311
1312
1316
1317
1320
1321
1324
1326
1332
1396
1403
1408
1409
1419
1420
1422
1431
1432
1433
1547
1560
1561
1573
1574
1575
1725
1732
1736
1737
1738
1740
1757
1784
1829
1850
1869
1870
1876
1877
1878
1968
1970
1978
1980
1990
1993
1994
2008
2018
380
392
395
396
400
401
411
412
495
505
506
510
511
515
516
521
527
528
529
623
624
628
631
632
633
638
639
657
664
673
674
677
678
679
680
683
684
692
705
714
715
788
797
804
805
806
807
814
819
820
829
852
855
856
857
858
859
860
866
872
873
883
888
889
893
896
897
898
901
902
904
905
909
910
911
912
915
916
917
922
923
931
932
937
941
948
952
977
984
985
991
1000
1001
1011
1021
1022
1023
1025
1029
1030
1031
1034
1035
1036
1038
1040
1047
1048
1065
1080
1082
1086
1092
1093
1119
1120
1123
1124
1125
1126
1127
1128
1129
1131
1135
1139
1142
1149
1150
1155
1156
1157
1162
1163
1168
1184
1185
1186
1187
1188
1189
1190
1191
1192
1193
1194
1196
1197
1199
1200
1203
1204
1214
1219
1229
1230
1231
1232
1233
1234
1235
1238
1242
1244
1247
1259
1266
1267
1268
1274
1275
1287
1291
1297
1298
1300
1301
1304
1319
1330
1335
1367
1370
1371
1372
1387
1399
1416
1457
1503
1514
1515
1520
1552
1557
1563
1577
1587
1600
1605
1648
1651
1652
1655
1656
1657
1662
1664
1678
1709
1720
1729
1766
1775
1776
1777
1795
1802
1833
1840
1901
2013
2028
2042
989
1081
1091
1118
1134
1141
1196
1295
1303
1314
1334
1427
1439
1446
1451
1519
138
139
172
174
179
185
194
197
200
201
202
208
257
260
261
265
297
300
337
340
424
438
442
544
560
5
13
15
32
36
73
76
77
183
274
275
279
280
288
304
416
419
532
1631
1636
1637
1805
1926
2045
2046
2047
2050
2164
2167
2168
2173
2271
