224
380
392
395
396
400
401
411
412
495
505
506
510
511
515
516
521
527
528
529
623
624
628
631
632
633
638
639
657
664
673
674
677
678
679
680
683
684
692
705
714
715
788
797
804
805
806
807
814
819
820
829
852
855
856
857
858
859
860
866
872
873
883
888
889
893
896
897
898
901
902
904
905
909
910
911
912
915
916
917
922
923
931
932
937
941
948
952
977
984
985
991
1000
1001
1011
1021
1022
1023
1025
1029
1030
1031
1034
1035
1036
1038
1040
1047
1048
1065
1080
1082
1086
1092
1093
1119
1120
1123
1124
1125
1126
1127
1128
1129
1131
1135
1139
1142
1149
1150
1155
1156
1157
1162
1163
1168
1184
1185
1186
1187
1188
1189
1190
1191
1192
1193
1194
1196
1197
1199
1200
1203
1204
1214
1219
1229
1230
1231
1232
1233
1234
1235
1238
1242
1244
1247
1259
1266
1267
1268
1274
1275
1287
1291
1297
1298
1300
1301
1304
1319
1330
1335
1367
1370
1371
1372
1387
1399
1416
1457
1503
1514
1515
1520
1552
1557
1563
1577
1587
1600
1605
1648
1651
1652
1655
1656
1657
1662
1664
1678
1709
1720
1729
1766
1775
1776
1777
1795
1802
1833
1840
1901
2013
2028
2042
