118
881
889
972
982
988
991
1019
1021
1023
1026
1030
1034
1154
1163
1179
1187
1202
1208
1212
1213
1215
1216
1222
1223
1226
1227
1408
1438
1443
1454
1590
1614
1630
1634
1646
1647
1648
1649
1650
1767
1781
1788
1789
1793
1805
2026
2059
2060
2061
2062
2064
2065
2067
2068
2078
2079
2080
2135
2136
2140
2141
2142
2146
2147
2156
2157
2161
2169
2257
2264
2265
2266
2270
2271
2272
2280
2287
2394
2395
2402
2406
2407
2422
2423
2568
2575
2589
2590
2591
2752
2770
2775
2779
2810
2925
2929
2946
2960
2961
2971
2973
3071
3095
3100
3101
3102
3105
3107
3108
3109
3137
3199
3217
3250
3255
3256
3273
3274
