634
489
495
599
603
604
607
640
643
739
756
857
858
860
865
866
867
868
872
873
874
875
881
883
889
972
973
982
988
989
991
992
994
995
1001
1007
1012
1013
1014
1019
1020
1021
1023
1024
1026
1030
1034
1042
1154
1158
1159
1163
1177
1179
1187
1189
1202
1208
1212
1213
1215
1216
1222
1223
1226
1227
1233
1255
1400
1408
1409
1443
1454
1614
1630
1634
1635
1646
1647
1648
1649
1650
1767
1781
1788
1789
1792
1793
1805
1871
1876
1880
1889
1897
1903
1953
1963
1964
1967
2026
2030
2059
2060
2061
2062
2064
2065
2067
2068
2078
2079
2080
2135
2136
2140
2141
2142
2143
2146
2147
2151
2156
2157
2159
2161
2169
2174
2179
2248
2252
2257
2258
2264
2265
2266
2267
2270
2271
2272
2274
2280
2287
2394
2395
2402
2406
2407
2408
2412
2421
2422
2423
2425
2436
2456
2568
2569
2575
2589
2590
2591
2597
2752
2761
2770
2775
2776
2779
2785
2786
2810
2925
2929
2946
2951
2952
2960
2961
2971
2973
3071
3095
3100
3101
3102
3105
3107
3108
3109
3115
3134
3137
3199
3208
3217
3243
3250
3255
3256
3258
3273
3274
610
622
628
629
634
635
636
637
638
644
645
650
654
752
771
775
776
777
782
783
784
787
791
792
894
897
901
902
904
908
909
916
1043
1050
1053
1057
1059
1060
1065
1070
1071
1072
1073
1098
1122
1123
1138
1155
1168
1257
1258
1261
1266
1267
1268
1277
1280
1281
1286
1287
1294
1329
1332
1335
1336
1337
1338
1339
1340
1341
1342
1343
1344
1348
1349
1350
1351
1352
1357
1358
1360
1365
1366
1367
1371
1372
1373
1374
1375
1378
1380
1381
1384
1385
1391
1392
1393
1398
1399
1407
1414
1449
1452
1456
1457
1471
1477
1478
1485
1489
1513
1516
1529
1530
1548
1549
1565
1566
1568
1571
1572
1576
1579
1581
1583
1586
1589
1594
1600
1603
1607
1608
1612
1620
1621
1627
1628
1633
1673
1674
1680
1726
1727
1729
1732
1737
1742
1743
1745
1747
1753
1760
1769
1778
1807
1814
1836
1837
1845
1846
1847
1848
1849
1859
1860
1863
1866
1869
1879
1881
1887
1892
1896
1899
1900
1918
1920
1921
1923
1925
1926
1927
1929
1931
1933
1934
1935
1936
1939
1940
1941
1943
1944
1946
1947
1952
1956
1958
1962
1974
1975
1981
1982
1995
1996
1997
1998
1999
2002
2003
2004
2007
2009
2010
2014
2027
2037
2038
2039
2040
2041
2042
2046
2050
2051
2052
2054
2069
2073
2074
2075
2083
2102
2105
2107
2108
2109
2110
2111
2113
2114
2116
2118
2121
2122
2124
2128
2132
2133
2144
2148
2152
2153
2167
2200
2208
2220
2221
2232
2255
2263
2292
2354
2384
2419
2440
2446
2459
2464
2471
2472
2473
2474
2477
2518
2520
2529
2562
2585
2593
2604
2620
2684
2685
2688
2694
2697
2699
2704
2709
2710
2732
2750
2757
2787
2817
2823
2824
2828
2881
2882
2902
2911
2949
2974
3012
3022
3146
3155
3159
1679
1683
1684
1687
1688
1689
1780
1791
1796
1806
1874
1885
1890
1894
1930
1938
1943
1945
1951
2109
2113
2115
2117
2119
2123
2127
2165
2186
2209
2224
2249
2286
2298
2299
2302
2305
2306
2462
2463
2470
267
273
276
277
283
289
352
355
361
365
374
392
393
444
449
450
468
474
504
510
511
556
561
563
565
687
690
696
815
817
957
3
13
15
23
40
45
48
49
95
96
100
149
156
202
203
209
281
363
369
479
483
484
487
494
662
1110
1526
2661
2669
2673
2862
2866
2867
3030
3032
3036
3040
3162
3164
3304
3305
3307
3311
3320
3457
3465
3606
3607
3617
3618
3738
3806
