125
380
392
396
400
401
412
495
510
515
516
521
624
638
639
664
673
674
677
678
679
680
683
684
714
715
788
805
806
807
855
859
860
866
872
883
896
901
904
905
912
916
917
922
923
937
948
952
984
985
991
1001
1011
1022
1035
1038
1047
1065
1080
1082
1086
1092
1093
1119
1125
1126
1127
1128
1129
1156
1157
1162
1163
1184
1185
1187
1189
1191
1193
1197
1200
1203
1204
1214
1229
1231
1232
1233
1235
1236
1238
1242
1244
1259
1266
1267
1274
1275
1297
1298
1300
1304
1319
1330
1335
1370
1371
1372
1399
1557
1563
1577
1587
1600
1648
1652
1655
1662
1720
1766
1775
1776
1777
1795
1833
2042
