36 19
0.000000 0.000000 -1.000000 0.488462 0.464922 0.051641 
0.173648 0.000000 -0.984808 0.424867 0.317040 0.079283 
0.342020 0.000000 -0.939693 0.369018 0.188732 0.162083 
0.500000 0.000000 -0.866025 0.309925 0.119264 0.274448 
0.642788 0.000000 -0.766044 0.241571 0.122841 0.391400 
0.766044 0.000000 -0.642788 0.169787 0.184167 0.493652 
0.866025 0.000000 -0.500000 0.112677 0.267244 0.572357 
0.939693 0.000000 -0.342020 0.094018 0.333097 0.628548 
0.984808 0.000000 -0.173648 0.132485 0.358027 0.668083 
1.000000 0.000000 0.000000 0.231717 0.343834 0.695030 
0.984808 0.000000 0.173648 0.376002 0.315359 0.707039 
0.939693 0.000000 0.342020 0.533927 0.306660 0.695207 
0.866025 0.000000 0.500000 0.668718 0.342578 0.648638 
0.766044 0.000000 0.642788 0.750972 0.424606 0.561522 
0.642788 0.000000 0.766044 0.768354 0.527985 0.439187 
0.500000 0.000000 0.866025 0.728215 0.611645 0.299875 
0.342020 0.000000 0.939693 0.652283 0.636543 0.170914 
0.173648 0.000000 0.984808 0.566143 0.583916 0.080495 
0.000000 0.000000 1.000000 0.488462 0.464922 0.051641 
0.000000 0.000000 -1.000000 0.488462 0.464922 0.051641 
0.171010 0.030154 -0.984808 0.443007 0.304636 0.081888 
0.336824 0.059391 -0.939693 0.389987 0.161722 0.181072 
0.492404 0.086824 -0.866025 0.319658 0.080199 0.329124 
0.633022 0.111619 -0.766044 0.232593 0.080719 0.494157 
0.754407 0.133022 -0.642788 0.143312 0.153013 0.639595 
0.852869 0.150384 -0.500000 0.076652 0.261905 0.736385 
0.925417 0.163176 -0.342020 0.058186 0.363935 0.771887 
0.969846 0.171010 -0.173648 0.102936 0.426788 0.751851 
0.984808 0.173648 0.000000 0.207577 0.442558 0.695030 
0.969846 0.171010 0.173648 0.349862 0.428851 0.623271 
0.925417 0.163176 0.342020 0.495816 0.417533 0.551868 
0.852869 0.150384 0.500000 0.611696 0.436751 0.484610 
0.754407 0.133022 0.642788 0.675617 0.495007 0.415579 
0.633022 0.111619 0.766044 0.683886 0.575068 0.336430 
0.492404 0.086824 0.866025 0.649575 0.640820 0.245199 
0.336824 0.059391 0.939693 0.594355 0.654008 0.151925 
0.171010 0.030154 0.984808 0.537682 0.593032 0.077890 
0.000000 0.000000 1.000000 0.488462 0.464922 0.051641 
0.000000 0.000000 -1.000000 0.488462 0.464922 0.051641 
0.163176 0.059391 -0.984808 0.462358 0.298554 0.083957 
0.321394 0.116978 -0.939693 0.413613 0.149074 0.196156 
0.469846 0.171010 -0.866025 0.334866 0.062246 0.372556 
0.604023 0.219846 -0.766044 0.234115 0.062635 0.575783 
0.719846 0.262003 -0.642788 0.134452 0.144051 0.755526 
0.813798 0.296198 -0.500000 0.066158 0.273165 0.866681 
0.883022 0.321394 -0.342020 0.054507 0.404534 0.885749 
0.925417 0.336824 -0.173648 0.108748 0.500056 0.818393 
0.939693 0.342020 0.000000 0.217316 0.543980 0.695030 
0.925417 0.336824 0.173648 0.351578 0.546786 0.556729 
0.883022 0.321394 0.342020 0.476561 0.536539 0.438006 
0.813798 0.296198 0.500000 0.563949 0.542210 0.354314 
0.719846 0.262003 0.642788 0.601703 0.577209 0.299648 
0.604023 0.219846 0.766044 0.596208 0.631168 0.254804 
0.469846 0.171010 0.866025 0.566387 0.674072 0.201767 
0.321394 0.116978 0.939693 0.532875 0.670875 0.136842 
0.163176 0.059391 0.984808 0.507556 0.599707 0.075821 
0.000000 0.000000 1.000000 0.488462 0.464922 0.051641 
0.000000 0.000000 -1.000000 0.488462 0.464922 0.051641 
0.150384 0.086824 -0.984808 0.482819 0.298952 0.084936 
0.296198 0.171010 -0.939693 0.440886 0.150980 0.203293 
0.433013 0.250000 -0.866025 0.358155 0.065258 0.393107 
0.556670 0.321394 -0.766044 0.249980 0.067424 0.614405 
0.663414 0.383022 -0.642788 0.147211 0.154249 0.810380 
0.750000 0.433013 -0.500000 0.084142 0.295416 0.928333 
0.813798 0.469846 -0.342020 0.084129 0.446462 0.939625 
0.852869 0.492404 -0.173648 0.149403 0.566977 0.849878 
0.866025 0.500000 0.000000 0.259759 0.635866 0.695030 
0.852869 0.492404 0.173648 0.380761 0.656956 0.525244 
0.813798 0.469846 0.342020 0.477782 0.652863 0.384130 
0.750000 0.433013 0.500000 0.529555 0.650485 0.292662 
0.663414 0.383022 0.642788 0.535211 0.665409 0.244793 
0.556670 0.321394 0.766044 0.511869 0.692866 0.216182 
0.433013 0.250000 0.866025 0.484244 0.709700 0.181217 
0.296198 0.171010 0.939693 0.471418 0.686443 0.129704 
0.150384 0.086824 0.984808 0.477165 0.603711 0.074842 
0.000000 0.000000 1.000000 0.488462 0.464922 0.051641 
0.000000 0.000000 -1.000000 0.488462 0.464922 0.051641 
0.133022 0.111619 -0.984808 0.504215 0.305619 0.084562 
0.262003 0.219846 -0.939693 0.472521 0.166594 0.200571 
0.383022 0.321394 -0.866025 0.391473 0.087401 0.385270 
0.492404 0.413176 -0.766044 0.282795 0.091939 0.599676 
0.586824 0.492404 -0.642788 0.183625 0.178857 0.789461 
0.663414 0.556670 -0.500000 0.130798 0.322093 0.904821 
0.719846 0.604023 -0.342020 0.144760 0.481304 0.919078 
0.754407 0.633022 -0.173648 0.220516 0.617530 0.837871 
0.766044 0.642788 0.000000 0.329787 0.707133 0.695030 
0.754407 0.633022 0.173648 0.433371 0.748023 0.537251 
0.719846 0.604023 0.342020 0.498051 0.755830 0.404677 
0.663414 0.556670 0.500000 0.510299 0.752397 0.316174 
0.586824 0.492404 0.642788 0.480584 0.752488 0.265713 
0.492404 0.413176 0.766044 0.436522 0.755287 0.230911 
0.383022 0.321394 0.866025 0.408299 0.744878 0.189054 
0.262003 0.219846 0.939693 0.413394 0.699450 0.132426 
0.133022 0.111619 0.984808 0.447883 0.604725 0.075216 
0.000000 0.000000 1.000000 0.488462 0.464922 0.051641 
0.000000 0.000000 -1.000000 0.488462 0.464922 0.051641 
0.111619 0.133022 -0.984808 0.526253 0.318006 0.082937 
0.219846 0.262003 -0.939693 0.508745 0.194152 0.188720 
0.321394 0.383022 -0.866025 0.435730 0.125417 0.351144 
0.413176 0.492404 -0.766044 0.333480 0.131515 0.535542 
0.492404 0.586824 -0.642788 0.243410 0.212090 0.698372 
0.556670 0.663414 -0.500000 0.203473 0.346583 0.802445 
0.604023 0.719846 -0.342020 0.230907 0.501785 0.829615 
0.633022 0.754407 -0.173648 0.314345 0.643789 0.785588 
0.642788 0.766044 0.000000 0.418953 0.749186 0.695030 
0.633022 0.754407 0.173648 0.502228 0.810831 0.589534 
0.604023 0.719846 0.342020 0.533103 0.836094 0.494140 
0.556670 0.663414 0.500000 0.505531 0.839049 0.418549 
0.492404 0.586824 0.642788 0.440305 0.830762 0.356801 
0.413176 0.492404 0.766044 0.374375 0.812613 0.295045 
0.321394 0.383022 0.866025 0.342782 0.775951 0.223179 
0.219846 0.262003 0.939693 0.361757 0.708209 0.144278 
0.111619 0.133022 0.984808 0.420953 0.602370 0.076841 
0.000000 0.000000 1.000000 0.488462 0.464922 0.051641 
0.000000 0.000000 -1.000000 0.488462 0.464922 0.051641 
0.086824 0.150384 -0.984808 0.548483 0.335284 0.080495 
0.171010 0.296198 -0.939693 0.549155 0.231176 0.170914 
0.250000 0.433013 -0.866025 0.490540 0.175033 0.299875 
0.321394 0.556670 -0.766044 0.401013 0.180576 0.439187 
0.383022 0.663414 -0.642788 0.323868 0.247906 0.561522 
0.433013 0.750000 -0.500000 0.296894 0.363130 0.648638 
0.469846 0.813798 -0.342020 0.334486 0.502738 0.695207 
0.492404 0.852869 -0.173648 0.420698 0.640938 0.707039 
0.500000 0.866025 0.000000 0.516504 0.756953 0.695030 
0.492404 0.852869 0.173648 0.577902 0.839453 0.668083 
0.469846 0.813798 0.342020 0.576403 0.886672 0.628548 
0.433013 0.750000 0.500000 0.512331 0.902793 0.572357 
0.383022 0.663414 0.642788 0.414718 0.892822 0.493652 
0.321394 0.556670 0.766044 0.327834 0.858730 0.391400 
0.250000 0.433013 0.866025 0.290642 0.798858 0.274448 
0.171010 0.296198 0.939693 0.318771 0.710815 0.162083 
0.086824 0.150384 0.984808 0.397415 0.596267 0.079283 
0.000000 0.000000 1.000000 0.488462 0.464922 0.051641 
0.000000 0.000000 -1.000000 0.488462 0.464922 0.051641 
0.059391 0.163176 -0.984808 0.570289 0.356424 0.077890 
0.116978 0.321394 -0.939693 0.592637 0.274755 0.151925 
0.171010 0.469846 -0.866025 0.554118 0.231470 0.245199 
0.219846 0.604023 -0.766044 0.482395 0.233339 0.336430 
0.262003 0.719846 -0.642788 0.420080 0.280802 0.415579 
0.296198 0.813798 -0.500000 0.403701 0.367607 0.484610 
0.321394 0.883022 -0.342020 0.445722 0.481808 0.551868 
0.336824 0.925417 -0.173648 0.528131 0.607900 0.623271 
0.342020 0.939693 0.000000 0.610672 0.729497 0.695030 
0.336824 0.925417 0.173648 0.649880 0.831857 0.751851 
0.321394 0.883022 0.342020 0.620011 0.903702 0.771887 
0.296198 0.813798 0.500000 0.525971 0.938070 0.736385 
0.262003 0.719846 0.642788 0.402123 0.932366 0.639595 
0.219846 0.604023 0.766044 0.297365 0.887943 0.494157 
0.171010 0.469846 0.866025 0.253344 0.809632 0.329124 
0.116978 0.321394 0.939693 0.285859 0.705402 0.181072 
0.059391 0.163176 0.984808 0.378043 0.586095 0.081888 
0.000000 0.000000 1.000000 0.488462 0.464922 0.051641 
0.000000 0.000000 -1.000000 0.488462 0.464922 0.051641 
0.030154 0.171010 -0.984808 0.590898 0.380289 0.075821 
0.059391 0.336824 -0.939693 0.637395 0.321842 0.136842 
0.086824 0.492404 -0.866025 0.623346 0.289981 0.201767 
0.111619 0.633022 -0.766044 0.572857 0.284501 0.254804 
0.133022 0.754407 -0.642788 0.525350 0.306510 0.299648 
0.150384 0.852869 -0.500000 0.515216 0.358085 0.354314 
0.163176 0.925417 -0.342020 0.554250 0.439807 0.438006 
0.171010 0.969846 -0.173648 0.625288 0.547514 0.556729 
0.173648 0.984808 0.000000 0.690099 0.670128 0.695030 
0.171010 0.969846 0.173648 0.707882 0.790107 0.818393 
0.163176 0.925417 0.342020 0.655615 0.886842 0.885749 
0.150384 0.852869 0.500000 0.540604 0.942015 0.866681 
0.133022 0.754407 0.642788 0.399133 0.944925 0.755526 
0.111619 0.633022 0.766044 0.281598 0.895666 0.575783 
0.086824 0.492404 0.866025 0.230836 0.804912 0.372556 
0.059391 0.336824 0.939693 0.263543 0.690413 0.196156 
0.030154 0.171010 0.984808 0.363316 0.571669 0.083957 
0.000000 0.000000 1.000000 0.488462 0.464922 0.051641 
0.000000 0.000000 -1.000000 0.488462 0.464922 0.051641 
0.000000 0.173648 -0.984808 0.609420 0.405727 0.074842 
0.000000 0.342020 -0.939693 0.681056 0.369558 0.129704 
0.000000 0.500000 -0.866025 0.694014 0.346361 0.181217 
0.000000 0.642788 -0.766044 0.666279 0.329852 0.216182 
0.000000 0.766044 -0.642788 0.631865 0.322523 0.244793 
0.000000 0.866025 -0.500000 0.622358 0.335105 0.292662 
0.000000 0.939693 -0.342020 0.650270 0.380668 0.384130 
0.000000 0.984808 -0.173648 0.702215 0.466220 0.525244 
0.000000 1.000000 0.000000 0.745206 0.586009 0.695030 
0.000000 0.984808 0.173648 0.743144 0.720080 0.849878 
0.000000 0.939693 0.342020 0.675630 0.839260 0.939625 
0.000000 0.866025 0.500000 0.550093 0.914760 0.928333 
0.000000 0.766044 0.642788 0.401222 0.928391 0.810380 
0.000000 0.642788 0.766044 0.277641 0.879008 0.614405 
0.000000 0.500000 0.866025 0.221692 0.782416 0.393107 
0.000000 0.342020 0.939693 0.251489 0.664854 0.203293 
0.000000 0.173648 0.984808 0.353416 0.553003 0.084936 
0.000000 0.000000 1.000000 0.488462 0.464922 0.051641 
-0.000000 0.000000 -1.000000 0.488462 0.464922 0.051641 
-0.030154 0.171010 -0.984808 0.624902 0.431661 0.075216 
-0.059391 0.336824 -0.939693 0.720867 0.415454 0.132426 
-0.086824 0.492404 -0.866025 0.761197 0.397369 0.189054 
-0.111619 0.633022 -0.766044 0.755788 0.366720 0.230911 
-0.133022 0.754407 -0.642788 0.731489 0.328377 0.265713 
-0.150384 0.852869 -0.500000 0.716610 0.301631 0.316174 
-0.163176 0.925417 -0.342020 0.725630 0.311002 0.404677 
-0.171010 0.969846 -0.173648 0.751513 0.373318 0.537251 
-0.173648 0.984808 0.000000 0.769346 0.487285 0.695030 
-0.171010 0.969846 0.173648 0.749534 0.630730 0.837871 
-0.163176 0.925417 0.342020 0.674215 0.767217 0.919078 
-0.150384 0.852869 0.500000 0.548888 0.859399 0.904821 
-0.133022 0.754407 0.642788 0.403428 0.883289 0.789461 
-0.111619 0.633022 0.766044 0.281579 0.837180 0.599676 
-0.086824 0.492404 0.866025 0.223416 0.741298 0.385270 
-0.059391 0.336824 0.939693 0.248637 0.628502 0.200571 
-0.030154 0.171010 0.984808 0.348255 0.530357 0.084562 
-0.000000 0.000000 1.000000 0.488462 0.464922 0.051641 
-0.000000 0.000000 -1.000000 0.488462 0.464922 0.051641 
-0.059391 0.163176 -0.984808 0.636408 0.457154 0.076841 
-0.116978 0.321394 -0.939693 0.753951 0.457705 0.144278 
-0.171010 0.469846 -0.866025 0.819747 0.441008 0.223179 
-0.219846 0.604023 -0.766044 0.834447 0.394206 0.295045 
-0.262003 0.719846 -0.642788 0.816601 0.325666 0.356801 
-0.296198 0.813798 -0.500000 0.790912 0.262689 0.418549 
-0.321394 0.883022 -0.342020 0.774703 0.239318 0.494140 
-0.336824 0.925417 -0.173648 0.769173 0.279851 0.589534 
-0.342020 0.939693 0.000000 0.759607 0.385864 0.695030 
-0.336824 0.925417 0.173648 0.724346 0.532994 0.785588 
-0.321394 0.883022 0.342020 0.648076 0.679295 0.829615 
-0.296198 0.813798 0.500000 0.532827 0.781621 0.802445 
-0.262003 0.719846 0.642788 0.401090 0.812760 0.698372 
-0.219846 0.604023 0.766044 0.289076 0.771676 0.535542 
-0.171010 0.469846 0.866025 0.232846 0.682361 0.351144 
-0.116978 0.321394 0.939693 0.253407 0.582032 0.188720 
-0.059391 0.163176 0.984808 0.347524 0.504271 0.082937 
-0.000000 0.000000 1.000000 0.488462 0.464922 0.051641 
-0.000000 0.000000 -1.000000 0.488462 0.464922 0.051641 
-0.086824 0.150384 -0.984808 0.643103 0.481458 0.079283 
-0.171010 0.296198 -0.939693 0.777595 0.495218 0.162083 
-0.250000 0.433013 -0.866025 0.864817 0.476642 0.274448 
-0.321394 0.556670 -0.766044 0.895979 0.413193 0.391400 
-0.383022 0.663414 -0.642788 0.880880 0.317775 0.493652 
-0.433013 0.750000 -0.500000 0.840376 0.224728 0.572357 
-0.469846 0.813798 -0.342020 0.794964 0.174995 0.628548 
-0.492404 0.852869 -0.173648 0.754998 0.197285 0.668083 
-0.500000 0.866025 0.000000 0.717164 0.293978 0.695030 
-0.492404 0.852869 0.173648 0.668685 0.438468 0.707039 
-0.469846 0.813798 0.342020 0.596971 0.585366 0.695207 
-0.433013 0.750000 0.500000 0.499773 0.689057 0.648638 
-0.383022 0.663414 0.642788 0.390544 0.722253 0.561522 
-0.321394 0.556670 0.766044 0.296017 0.686204 0.439187 
-0.250000 0.433013 0.866025 0.246629 0.608086 0.299875 
-0.171010 0.296198 0.939693 0.263947 0.527046 0.170914 
-0.086824 0.150384 0.984808 0.350759 0.475564 0.080495 
-0.000000 0.000000 1.000000 0.488462 0.464922 0.051641 
-0.000000 0.000000 -1.000000 0.488462 0.464922 0.051641 
-0.111619 0.133022 -0.984808 0.644334 0.504033 0.081888 
-0.219846 0.262003 -0.939693 0.789539 0.527640 0.181072 
-0.321394 0.383022 -0.866025 0.892383 0.504933 0.329124 
-0.413176 0.492404 -0.766044 0.935427 0.426102 0.494157 
-0.492404 0.586824 -0.642788 0.919949 0.309385 0.639595 
-0.556670 0.663414 -0.500000 0.862761 0.194789 0.736385 
-0.604023 0.719846 -0.342020 0.787188 0.127128 0.771887 
-0.633022 0.754407 -0.173648 0.712568 0.136120 0.751851 
-0.642788 0.766044 0.000000 0.647136 0.222710 0.695030 
-0.633022 0.754407 0.173648 0.587391 0.358014 0.623271 
-0.604023 0.719846 0.342020 0.523847 0.495424 0.551868 
-0.556670 0.663414 0.500000 0.449987 0.590407 0.484610 
-0.492404 0.586824 0.642788 0.369688 0.618956 0.415579 
-0.413176 0.492404 0.766044 0.299103 0.586358 0.336430 
-0.321394 0.383022 0.866025 0.261691 0.522474 0.245199 
-0.219846 0.262003 0.939693 0.278392 0.466002 0.151925 
-0.111619 0.133022 0.984808 0.357414 0.445309 0.077890 
-0.000000 0.000000 1.000000 0.488462 0.464922 0.051641 
-0.000000 0.000000 -1.000000 0.488462 0.464922 0.051641 
-0.133022 0.111619 -0.984808 0.639710 0.524541 0.083957 
-0.262003 0.219846 -0.939693 0.788229 0.555278 0.196156 
-0.383022 0.321394 -0.866025 0.899683 0.527607 0.372556 
-0.492404 0.413176 -0.766044 0.949671 0.436463 0.575783 
-0.586824 0.492404 -0.642788 0.931800 0.305788 0.755526 
-0.663414 0.556670 -0.500000 0.858623 0.179584 0.866681 
-0.719846 0.604023 -0.342020 0.755263 0.103389 0.885749 
-0.754407 0.633022 -0.173648 0.648755 0.104602 0.818393 
-0.766044 0.642788 0.000000 0.557970 0.180657 0.695030 
-0.754407 0.633022 0.173648 0.488518 0.300465 0.556729 
-0.719846 0.604023 0.342020 0.434574 0.418418 0.438006 
-0.663414 0.556670 0.500000 0.386220 0.494470 0.354314 
-0.586824 0.492404 0.642788 0.338331 0.511046 0.299648 
-0.492404 0.413176 0.766044 0.296320 0.479095 0.254804 
-0.383022 0.321394 0.866025 0.275652 0.430712 0.201767 
-0.262003 0.219846 0.939693 0.295115 0.402048 0.136842 
-0.133022 0.111619 0.984808 0.366931 0.414769 0.075821 
-0.000000 0.000000 1.000000 0.488462 0.464922 0.051641 
-0.000000 0.000000 -1.000000 0.488462 0.464922 0.051641 
-0.150384 0.086824 -0.984808 0.629149 0.542809 0.084936 
-0.296198 0.171010 -0.939693 0.773010 0.578931 0.203293 
-0.433013 0.250000 -0.866025 0.885537 0.547091 0.393107 
-0.556670 0.321394 -0.766044 0.937763 0.448333 0.614405 
-0.663414 0.383022 -0.642788 0.916951 0.312125 0.810380 
-0.750000 0.433013 -0.500000 0.831150 0.184589 0.928333 
-0.813798 0.469846 -0.342020 0.705625 0.109043 0.939625 
-0.852869 0.492404 -0.173648 0.572837 0.107707 0.849878 
-0.866025 0.500000 0.000000 0.460419 0.172890 0.695030 
-0.852869 0.492404 0.173648 0.382409 0.271588 0.525244 
-0.813798 0.469846 0.342020 0.337332 0.361234 0.384130 
-0.750000 0.433013 0.500000 0.313472 0.409175 0.292662 
-0.663414 0.383022 0.642788 0.298309 0.406833 0.244793 
-0.556670 0.321394 0.766044 0.287236 0.372046 0.216182 
-0.433013 0.250000 0.866025 0.287126 0.338704 0.181217 
-0.296198 0.171010 0.939693 0.312911 0.338763 0.129704 
-0.150384 0.086824 0.984808 0.378799 0.385326 0.074842 
-0.000000 0.000000 1.000000 0.488462 0.464922 0.051641 
-0.000000 0.000000 -1.000000 0.488462 0.464922 0.051641 
-0.163176 0.059391 -0.984808 0.612914 0.558789 0.084562 
-0.321394 0.116978 -0.939693 0.744227 0.599668 0.200571 
-0.469846 0.171010 -0.866025 0.850496 0.566066 0.385270 
-0.604023 0.219846 -0.766044 0.901011 0.465646 0.599676 
-0.719846 0.262003 -0.642788 0.878331 0.332619 0.789461 
-0.813798 0.296198 -0.500000 0.785698 0.213273 0.904821 
-0.883022 0.321394 -0.342020 0.646410 0.146243 0.919078 
-0.925417 0.336824 -0.173648 0.495334 0.146505 0.837871 
-0.939693 0.342020 0.000000 0.366251 0.200347 0.695030 
-0.925417 0.336824 0.173648 0.280501 0.273424 0.537251 
-0.883022 0.321394 0.342020 0.241704 0.327934 0.404677 
-0.813798 0.296198 0.500000 0.238475 0.340736 0.316174 
-0.719846 0.262003 0.642788 0.253311 0.313899 0.265713 
-0.604023 0.219846 0.766044 0.273075 0.272758 0.230911 
-0.469846 0.171010 0.866025 0.295888 0.252518 0.189054 
-0.321394 0.116978 0.939693 0.331124 0.279861 0.132426 
-0.163176 0.059391 0.984808 0.392600 0.358379 0.075216 
-0.000000 0.000000 1.000000 0.488462 0.464922 0.051641 
-0.000000 0.000000 -1.000000 0.488462 0.464922 0.051641 
-0.171010 0.030154 -0.984808 0.591608 0.572488 0.082937 
-0.336824 0.059391 -0.939693 0.703232 0.618581 0.188720 
-0.492404 0.086824 -0.866025 0.796809 0.586987 0.351144 
-0.633022 0.111619 -0.766044 0.842829 0.491573 0.535542 
-0.754407 0.133022 -0.642788 0.820885 0.369914 0.698372 
-0.852869 0.150384 -0.500000 0.729084 0.266560 0.802445 
-0.925417 0.163176 -0.342020 0.586402 0.213684 0.829615 
-0.969846 0.171010 -0.173648 0.426694 0.217982 0.785588 
-0.984808 0.173648 0.000000 0.286824 0.259715 0.695030 
-0.969846 0.171010 0.173648 0.193983 0.304083 0.589534 
-0.925417 0.163176 0.342020 0.157579 0.319353 0.494140 
-0.852869 0.150384 0.500000 0.168942 0.293026 0.418549 
-0.754407 0.133022 0.642788 0.208478 0.238336 0.356801 
-0.633022 0.111619 0.766044 0.256562 0.187945 0.295045 
-0.492404 0.086824 0.866025 0.302856 0.177806 0.223179 
-0.336824 0.059391 0.939693 0.349676 0.228851 0.144278 
-0.171010 0.030154 0.984808 0.408024 0.335240 0.076841 
-0.000000 0.000000 1.000000 0.488462 0.464922 0.051641 
-0.000000 0.000000 -1.000000 0.488462 0.464922 0.051641 
-0.173648 0.000000 -0.984808 0.566143 0.583916 0.080495 
-0.342020 0.000000 -0.939693 0.652283 0.636543 0.170914 
-0.500000 0.000000 -0.866025 0.728215 0.611645 0.299875 
-0.642788 0.000000 -0.766044 0.768354 0.527985 0.439187 
-0.766044 0.000000 -0.642788 0.750972 0.424606 0.561522 
-0.866025 0.000000 -0.500000 0.668718 0.342578 0.648638 
-0.939693 0.000000 -0.342020 0.533927 0.306660 0.695207 
-0.984808 0.000000 -0.173648 0.376002 0.315359 0.707039 
-1.000000 0.000000 0.000000 0.231717 0.343834 0.695030 
-0.984808 0.000000 0.173648 0.132485 0.358027 0.668083 
-0.939693 0.000000 0.342020 0.094018 0.333097 0.628548 
-0.866025 0.000000 0.500000 0.112677 0.267244 0.572357 
-0.766044 0.000000 0.642788 0.169787 0.184167 0.493652 
-0.642788 0.000000 0.766044 0.241571 0.122841 0.391400 
-0.500000 0.000000 0.866025 0.309925 0.119264 0.274448 
-0.342020 0.000000 0.939693 0.369018 0.188732 0.162083 
-0.173648 0.000000 0.984808 0.424867 0.317040 0.079283 
-0.000000 0.000000 1.000000 0.488462 0.464922 0.051641 
-0.000000 -0.000000 -1.000000 0.488462 0.464922 0.051641 
-0.171010 -0.030154 -0.984808 0.537682 0.593032 0.077890 
-0.336824 -0.059391 -0.939693 0.594355 0.654008 0.151925 
-0.492404 -0.086824 -0.866025 0.649575 0.640820 0.245199 
-0.633022 -0.111619 -0.766044 0.683886 0.575068 0.336430 
-0.754407 -0.133022 -0.642788 0.675617 0.495007 0.415579 
-0.852869 -0.150384 -0.500000 0.611696 0.436751 0.484610 
-0.925417 -0.163176 -0.342020 0.495816 0.417533 0.551868 
-0.969846 -0.171010 -0.173648 0.349862 0.428851 0.623271 
-0.984808 -0.173648 0.000000 0.207577 0.442558 0.695030 
-0.969846 -0.171010 0.173648 0.102936 0.426788 0.751851 
-0.925417 -0.163176 0.342020 0.058186 0.363935 0.771887 
-0.852869 -0.150384 0.500000 0.076652 0.261905 0.736385 
-0.754407 -0.133022 0.642788 0.143312 0.153013 0.639595 
-0.633022 -0.111619 0.766044 0.232593 0.080719 0.494157 
-0.492404 -0.086824 0.866025 0.319658 0.080199 0.329124 
-0.336824 -0.059391 0.939693 0.389987 0.161722 0.181072 
-0.171010 -0.030154 0.984808 0.443007 0.304636 0.081888 
-0.000000 -0.000000 1.000000 0.488462 0.464922 0.051641 
-0.000000 -0.000000 -1.000000 0.488462 0.464922 0.051641 
-0.163176 -0.059391 -0.984808 0.507556 0.599707 0.075821 
-0.321394 -0.116978 -0.939693 0.532875 0.670875 0.136842 
-0.469846 -0.171010 -0.866025 0.566387 0.674072 0.201767 
-0.604023 -0.219846 -0.766044 0.596208 0.631168 0.254804 
-0.719846 -0.262003 -0.642788 0.601703 0.577209 0.299648 
-0.813798 -0.296198 -0.500000 0.563949 0.542210 0.354314 
-0.883022 -0.321394 -0.342020 0.476561 0.536539 0.438006 
-0.925417 -0.336824 -0.173648 0.351578 0.546786 0.556729 
-0.939693 -0.342020 0.000000 0.217316 0.543980 0.695030 
-0.925417 -0.336824 0.173648 0.108748 0.500056 0.818393 
-0.883022 -0.321394 0.342020 0.054507 0.404534 0.885749 
-0.813798 -0.296198 0.500000 0.066158 0.273165 0.866681 
-0.719846 -0.262003 0.642788 0.134452 0.144051 0.755526 
-0.604023 -0.219846 0.766044 0.234115 0.062635 0.575783 
-0.469846 -0.171010 0.866025 0.334866 0.062246 0.372556 
-0.321394 -0.116978 0.939693 0.413613 0.149074 0.196156 
-0.163176 -0.059391 0.984808 0.462358 0.298554 0.083957 
-0.000000 -0.000000 1.000000 0.488462 0.464922 0.051641 
-0.000000 -0.000000 -1.000000 0.488462 0.464922 0.051641 
-0.150384 -0.086824 -0.984808 0.477165 0.603711 0.074842 
-0.296198 -0.171010 -0.939693 0.471418 0.686443 0.129704 
-0.433013 -0.250000 -0.866025 0.484244 0.709700 0.181217 
-0.556670 -0.321394 -0.766044 0.511869 0.692866 0.216182 
-0.663414 -0.383022 -0.642788 0.535211 0.665409 0.244793 
-0.750000 -0.433013 -0.500000 0.529555 0.650485 0.292662 
-0.813798 -0.469846 -0.342020 0.477782 0.652863 0.384130 
-0.852869 -0.492404 -0.173648 0.380761 0.656956 0.525244 
-0.866025 -0.500000 0.000000 0.259759 0.635866 0.695030 
-0.852869 -0.492404 0.173648 0.149403 0.566977 0.849878 
-0.813798 -0.469846 0.342020 0.084129 0.446462 0.939625 
-0.750000 -0.433013 0.500000 0.084142 0.295416 0.928333 
-0.663414 -0.383022 0.642788 0.147211 0.154249 0.810380 
-0.556670 -0.321394 0.766044 0.249980 0.067424 0.614405 
-0.433013 -0.250000 0.866025 0.358155 0.065258 0.393107 
-0.296198 -0.171010 0.939693 0.440886 0.150980 0.203293 
-0.150384 -0.086824 0.984808 0.482819 0.298952 0.084936 
-0.000000 -0.000000 1.000000 0.488462 0.464922 0.051641 
-0.000000 -0.000000 -1.000000 0.488462 0.464922 0.051641 
-0.133022 -0.111619 -0.984808 0.447883 0.604725 0.075216 
-0.262003 -0.219846 -0.939693 0.413394 0.699450 0.132426 
-0.383022 -0.321394 -0.866025 0.408299 0.744878 0.189054 
-0.492404 -0.413176 -0.766044 0.436522 0.755287 0.230911 
-0.586824 -0.492404 -0.642788 0.480584 0.752488 0.265713 
-0.663414 -0.556670 -0.500000 0.510299 0.752397 0.316174 
-0.719846 -0.604023 -0.342020 0.498051 0.755830 0.404677 
-0.754407 -0.633022 -0.173648 0.433371 0.748023 0.537251 
-0.766044 -0.642788 0.000000 0.329787 0.707133 0.695030 
-0.754407 -0.633022 0.173648 0.220516 0.617530 0.837871 
-0.719846 -0.604023 0.342020 0.144760 0.481304 0.919078 
-0.663414 -0.556670 0.500000 0.130798 0.322093 0.904821 
-0.586824 -0.492404 0.642788 0.183625 0.178857 0.789461 
-0.492404 -0.413176 0.766044 0.282795 0.091939 0.599676 
-0.383022 -0.321394 0.866025 0.391473 0.087401 0.385270 
-0.262003 -0.219846 0.939693 0.472521 0.166594 0.200571 
-0.133022 -0.111619 0.984808 0.504215 0.305619 0.084562 
-0.000000 -0.000000 1.000000 0.488462 0.464922 0.051641 
-0.000000 -0.000000 -1.000000 0.488462 0.464922 0.051641 
-0.111619 -0.133022 -0.984808 0.420953 0.602370 0.076841 
-0.219846 -0.262003 -0.939693 0.361757 0.708209 0.144278 
-0.321394 -0.383022 -0.866025 0.342782 0.775951 0.223179 
-0.413176 -0.492404 -0.766044 0.374375 0.812613 0.295045 
-0.492404 -0.586824 -0.642788 0.440305 0.830762 0.356801 
-0.556670 -0.663414 -0.500000 0.505531 0.839049 0.418549 
-0.604023 -0.719846 -0.342020 0.533103 0.836094 0.494140 
-0.633022 -0.754407 -0.173648 0.502228 0.810831 0.589534 
-0.642788 -0.766044 0.000000 0.418953 0.749186 0.695030 
-0.633022 -0.754407 0.173648 0.314345 0.643789 0.785588 
-0.604023 -0.719846 0.342020 0.230907 0.501785 0.829615 
-0.556670 -0.663414 0.500000 0.203473 0.346583 0.802445 
-0.492404 -0.586824 0.642788 0.243410 0.212090 0.698372 
-0.413176 -0.492404 0.766044 0.333480 0.131515 0.535542 
-0.321394 -0.383022 0.866025 0.435730 0.125417 0.351144 
-0.219846 -0.262003 0.939693 0.508745 0.194152 0.188720 
-0.111619 -0.133022 0.984808 0.526253 0.318006 0.082937 
-0.000000 -0.000000 1.000000 0.488462 0.464922 0.051641 
-0.000000 -0.000000 -1.000000 0.488462 0.464922 0.051641 
-0.086824 -0.150384 -0.984808 0.397415 0.596267 0.079283 
-0.171010 -0.296198 -0.939693 0.318771 0.710815 0.162083 
-0.250000 -0.433013 -0.866025 0.290642 0.798858 0.274448 
-0.321394 -0.556670 -0.766044 0.327834 0.858730 0.391400 
-0.383022 -0.663414 -0.642788 0.414718 0.892822 0.493652 
-0.433013 -0.750000 -0.500000 0.512331 0.902793 0.572357 
-0.469846 -0.813798 -0.342020 0.576403 0.886672 0.628548 
-0.492404 -0.852869 -0.173648 0.577902 0.839453 0.668083 
-0.500000 -0.866025 0.000000 0.516504 0.756953 0.695030 
-0.492404 -0.852869 0.173648 0.420698 0.640938 0.707039 
-0.469846 -0.813798 0.342020 0.334486 0.502738 0.695207 
-0.433013 -0.750000 0.500000 0.296894 0.363130 0.648638 
-0.383022 -0.663414 0.642788 0.323868 0.247906 0.561522 
-0.321394 -0.556670 0.766044 0.401013 0.180576 0.439187 
-0.250000 -0.433013 0.866025 0.490540 0.175033 0.299875 
-0.171010 -0.296198 0.939693 0.549155 0.231176 0.170914 
-0.086824 -0.150384 0.984808 0.548483 0.335284 0.080495 
-0.000000 -0.000000 1.000000 0.488462 0.464922 0.051641 
-0.000000 -0.000000 -1.000000 0.488462 0.464922 0.051641 
-0.059391 -0.163176 -0.984808 0.378043 0.586095 0.081888 
-0.116978 -0.321394 -0.939693 0.285859 0.705402 0.181072 
-0.171010 -0.469846 -0.866025 0.253344 0.809632 0.329124 
-0.219846 -0.604023 -0.766044 0.297365 0.887943 0.494157 
-0.262003 -0.719846 -0.642788 0.402123 0.932366 0.639595 
-0.296198 -0.813798 -0.500000 0.525971 0.938070 0.736385 
-0.321394 -0.883022 -0.342020 0.620011 0.903702 0.771887 
-0.336824 -0.925417 -0.173648 0.649880 0.831857 0.751851 
-0.342020 -0.939693 0.000000 0.610672 0.729497 0.695030 
-0.336824 -0.925417 0.173648 0.528131 0.607900 0.623271 
-0.321394 -0.883022 0.342020 0.445722 0.481808 0.551868 
-0.296198 -0.813798 0.500000 0.403701 0.367607 0.484610 
-0.262003 -0.719846 0.642788 0.420080 0.280802 0.415579 
-0.219846 -0.604023 0.766044 0.482395 0.233339 0.336430 
-0.171010 -0.469846 0.866025 0.554118 0.231470 0.245199 
-0.116978 -0.321394 0.939693 0.592637 0.274755 0.151925 
-0.059391 -0.163176 0.984808 0.570289 0.356424 0.077890 
-0.000000 -0.000000 1.000000 0.488462 0.464922 0.051641 
-0.000000 -0.000000 -1.000000 0.488462 0.464922 0.051641 
-0.030154 -0.171010 -0.984808 0.363316 0.571669 0.083957 
-0.059391 -0.336824 -0.939693 0.263543 0.690413 0.196156 
-0.086824 -0.492404 -0.866025 0.230836 0.804912 0.372556 
-0.111619 -0.633022 -0.766044 0.281598 0.895666 0.575783 
-0.133022 -0.754407 -0.642788 0.399133 0.944925 0.755526 
-0.150384 -0.852869 -0.500000 0.540604 0.942015 0.866681 
-0.163176 -0.925417 -0.342020 0.655615 0.886842 0.885749 
-0.171010 -0.969846 -0.173648 0.707882 0.790107 0.818393 
-0.173648 -0.984808 0.000000 0.690099 0.670128 0.695030 
-0.171010 -0.969846 0.173648 0.625288 0.547514 0.556729 
-0.163176 -0.925417 0.342020 0.554250 0.439807 0.438006 
-0.150384 -0.852869 0.500000 0.515216 0.358085 0.354314 
-0.133022 -0.754407 0.642788 0.525350 0.306510 0.299648 
-0.111619 -0.633022 0.766044 0.572857 0.284501 0.254804 
-0.086824 -0.492404 0.866025 0.623346 0.289981 0.201767 
-0.059391 -0.336824 0.939693 0.637395 0.321842 0.136842 
-0.030154 -0.171010 0.984808 0.590898 0.380289 0.075821 
-0.000000 -0.000000 1.000000 0.488462 0.464922 0.051641 
-0.000000 -0.000000 -1.000000 0.488462 0.464922 0.051641 
-0.000000 -0.173648 -0.984808 0.353416 0.553003 0.084936 
-0.000000 -0.342020 -0.939693 0.251489 0.664854 0.203293 
-0.000000 -0.500000 -0.866025 0.221692 0.782416 0.393107 
-0.000000 -0.642788 -0.766044 0.277641 0.879008 0.614405 
-0.000000 -0.766044 -0.642788 0.401222 0.928391 0.810380 
-0.000000 -0.866025 -0.500000 0.550093 0.914760 0.928333 
-0.000000 -0.939693 -0.342020 0.675630 0.839260 0.939625 
-0.000000 -0.984808 -0.173648 0.743144 0.720080 0.849878 
-0.000000 -1.000000 0.000000 0.745206 0.586009 0.695030 
-0.000000 -0.984808 0.173648 0.702215 0.466220 0.525244 
-0.000000 -0.939693 0.342020 0.650270 0.380668 0.384130 
-0.000000 -0.866025 0.500000 0.622358 0.335105 0.292662 
-0.000000 -0.766044 0.642788 0.631865 0.322523 0.244793 
-0.000000 -0.642788 0.766044 0.666279 0.329852 0.216182 
-0.000000 -0.500000 0.866025 0.694014 0.346361 0.181217 
-0.000000 -0.342020 0.939693 0.681056 0.369558 0.129704 
-0.000000 -0.173648 0.984808 0.609420 0.405727 0.074842 
-0.000000 -0.000000 1.000000 0.488462 0.464922 0.051641 
0.000000 -0.000000 -1.000000 0.488462 0.464922 0.051641 
0.030154 -0.171010 -0.984808 0.348255 0.530357 0.084562 
0.059391 -0.336824 -0.939693 0.248637 0.628502 0.200571 
0.086824 -0.492404 -0.866025 0.223416 0.741298 0.385270 
0.111619 -0.633022 -0.766044 0.281579 0.837180 0.599676 
0.133022 -0.754407 -0.642788 0.403428 0.883289 0.789461 
0.150384 -0.852869 -0.500000 0.548888 0.859399 0.904821 
0.163176 -0.925417 -0.342020 0.674215 0.767217 0.919078 
0.171010 -0.969846 -0.173648 0.749534 0.630730 0.837871 
0.173648 -0.984808 0.000000 0.769346 0.487285 0.695030 
0.171010 -0.969846 0.173648 0.751513 0.373318 0.537251 
0.163176 -0.925417 0.342020 0.725630 0.311002 0.404677 
0.150384 -0.852869 0.500000 0.716610 0.301631 0.316174 
0.133022 -0.754407 0.642788 0.731489 0.328377 0.265713 
0.111619 -0.633022 0.766044 0.755788 0.366720 0.230911 
0.086824 -0.492404 0.866025 0.761197 0.397369 0.189054 
0.059391 -0.336824 0.939693 0.720867 0.415454 0.132426 
0.030154 -0.171010 0.984808 0.624902 0.431661 0.075216 
0.000000 -0.000000 1.000000 0.488462 0.464922 0.051641 
0.000000 -0.000000 -1.000000 0.488462 0.464922 0.051641 
0.059391 -0.163176 -0.984808 0.347524 0.504271 0.082937 
0.116978 -0.321394 -0.939693 0.253407 0.582032 0.188720 
0.171010 -0.469846 -0.866025 0.232846 0.682361 0.351144 
0.219846 -0.604023 -0.766044 0.289076 0.771676 0.535542 
0.262003 -0.719846 -0.642788 0.401090 0.812760 0.698372 
0.296198 -0.813798 -0.500000 0.532827 0.781621 0.802445 
0.321394 -0.883022 -0.342020 0.648076 0.679295 0.829615 
0.336824 -0.925417 -0.173648 0.724346 0.532994 0.785588 
0.342020 -0.939693 0.000000 0.759607 0.385864 0.695030 
0.336824 -0.925417 0.173648 0.769173 0.279851 0.589534 
0.321394 -0.883022 0.342020 0.774703 0.239318 0.494140 
0.296198 -0.813798 0.500000 0.790912 0.262689 0.418549 
0.262003 -0.719846 0.642788 0.816601 0.325666 0.356801 
0.219846 -0.604023 0.766044 0.834447 0.394206 0.295045 
0.171010 -0.469846 0.866025 0.819747 0.441008 0.223179 
0.116978 -0.321394 0.939693 0.753951 0.457705 0.144278 
0.059391 -0.163176 0.984808 0.636408 0.457154 0.076841 
0.000000 -0.000000 1.000000 0.488462 0.464922 0.051641 
0.000000 -0.000000 -1.000000 0.488462 0.464922 0.051641 
0.086824 -0.150384 -0.984808 0.350759 0.475564 0.080495 
0.171010 -0.296198 -0.939693 0.263947 0.527046 0.170914 
0.250000 -0.433013 -0.866025 0.246629 0.608086 0.299875 
0.321394 -0.556670 -0.766044 0.296017 0.686204 0.439187 
0.383022 -0.663414 -0.642788 0.390544 0.722253 0.561522 
0.433013 -0.750000 -0.500000 0.499773 0.689057 0.648638 
0.469846 -0.813798 -0.342020 0.596971 0.585366 0.695207 
0.492404 -0.852869 -0.173648 0.668685 0.438468 0.707039 
0.500000 -0.866025 0.000000 0.717164 0.293978 0.695030 
0.492404 -0.852869 0.173648 0.754998 0.197285 0.668083 
0.469846 -0.813798 0.342020 0.794964 0.174995 0.628548 
0.433013 -0.750000 0.500000 0.840376 0.224728 0.572357 
0.383022 -0.663414 0.642788 0.880880 0.317775 0.493652 
0.321394 -0.556670 0.766044 0.895979 0.413193 0.391400 
0.250000 -0.433013 0.866025 0.864817 0.476642 0.274448 
0.171010 -0.296198 0.939693 0.777595 0.495218 0.162083 
0.086824 -0.150384 0.984808 0.643103 0.481458 0.079283 
0.000000 -0.000000 1.000000 0.488462 0.464922 0.051641 
0.000000 -0.000000 -1.000000 0.488462 0.464922 0.051641 
0.111619 -0.133022 -0.984808 0.357414 0.445309 0.077890 
0.219846 -0.262003 -0.939693 0.278392 0.466002 0.151925 
0.321394 -0.383022 -0.866025 0.261691 0.522474 0.245199 
0.413176 -0.492404 -0.766044 0.299103 0.586358 0.336430 
0.492404 -0.586824 -0.642788 0.369688 0.618956 0.415579 
0.556670 -0.663414 -0.500000 0.449987 0.590407 0.484610 
0.604023 -0.719846 -0.342020 0.523847 0.495424 0.551868 
0.633022 -0.754407 -0.173648 0.587391 0.358014 0.623271 
0.642788 -0.766044 0.000000 0.647136 0.222710 0.695030 
0.633022 -0.754407 0.173648 0.712568 0.136120 0.751851 
0.604023 -0.719846 0.342020 0.787188 0.127128 0.771887 
0.556670 -0.663414 0.500000 0.862761 0.194789 0.736385 
0.492404 -0.586824 0.642788 0.919949 0.309385 0.639595 
0.413176 -0.492404 0.766044 0.935427 0.426102 0.494157 
0.321394 -0.383022 0.866025 0.892383 0.504933 0.329124 
0.219846 -0.262003 0.939693 0.789539 0.527640 0.181072 
0.111619 -0.133022 0.984808 0.644334 0.504033 0.081888 
0.000000 -0.000000 1.000000 0.488462 0.464922 0.051641 
0.000000 -0.000000 -1.000000 0.488462 0.464922 0.051641 
0.133022 -0.111619 -0.984808 0.366931 0.414769 0.075821 
0.262003 -0.219846 -0.939693 0.295115 0.402048 0.136842 
0.383022 -0.321394 -0.866025 0.275652 0.430712 0.201767 
0.492404 -0.413176 -0.766044 0.296320 0.479095 0.254804 
0.586824 -0.492404 -0.642788 0.338331 0.511046 0.299648 
0.663414 -0.556670 -0.500000 0.386220 0.494470 0.354314 
0.719846 -0.604023 -0.342020 0.434574 0.418418 0.438006 
0.754407 -0.633022 -0.173648 0.488518 0.300465 0.556729 
0.766044 -0.642788 0.000000 0.557970 0.180657 0.695030 
0.754407 -0.633022 0.173648 0.648755 0.104602 0.818393 
0.719846 -0.604023 0.342020 0.755263 0.103389 0.885749 
0.663414 -0.556670 0.500000 0.858623 0.179584 0.866681 
0.586824 -0.492404 0.642788 0.931800 0.305788 0.755526 
0.492404 -0.413176 0.766044 0.949671 0.436463 0.575783 
0.383022 -0.321394 0.866025 0.899683 0.527607 0.372556 
0.262003 -0.219846 0.939693 0.788229 0.555278 0.196156 
0.133022 -0.111619 0.984808 0.639710 0.524541 0.083957 
0.000000 -0.000000 1.000000 0.488462 0.464922 0.051641 
0.000000 -0.000000 -1.000000 0.488462 0.464922 0.051641 
0.150384 -0.086824 -0.984808 0.378799 0.385326 0.074842 
0.296198 -0.171010 -0.939693 0.312911 0.338763 0.129704 
0.433013 -0.250000 -0.866025 0.287126 0.338704 0.181217 
0.556670 -0.321394 -0.766044 0.287236 0.372046 0.216182 
0.663414 -0.383022 -0.642788 0.298309 0.406833 0.244793 
0.750000 -0.433013 -0.500000 0.313472 0.409175 0.292662 
0.813798 -0.469846 -0.342020 0.337332 0.361234 0.384130 
0.852869 -0.492404 -0.173648 0.382409 0.271588 0.525244 
0.866025 -0.500000 0.000000 0.460419 0.172890 0.695030 
0.852869 -0.492404 0.173648 0.572837 0.107707 0.849878 
0.813798 -0.469846 0.342020 0.705625 0.109043 0.939625 
0.750000 -0.433013 0.500000 0.831150 0.184589 0.928333 
0.663414 -0.383022 0.642788 0.916951 0.312125 0.810380 
0.556670 -0.321394 0.766044 0.937763 0.448333 0.614405 
0.433013 -0.250000 0.866025 0.885537 0.547091 0.393107 
0.296198 -0.171010 0.939693 0.773010 0.578931 0.203293 
0.150384 -0.086824 0.984808 0.629149 0.542809 0.084936 
0.000000 -0.000000 1.000000 0.488462 0.464922 0.051641 
0.000000 -0.000000 -1.000000 0.488462 0.464922 0.051641 
0.163176 -0.059391 -0.984808 0.392600 0.358379 0.075216 
0.321394 -0.116978 -0.939693 0.331124 0.279861 0.132426 
0.469846 -0.171010 -0.866025 0.295888 0.252518 0.189054 
0.604023 -0.219846 -0.766044 0.273075 0.272758 0.230911 
0.719846 -0.262003 -0.642788 0.253311 0.313899 0.265713 
0.813798 -0.296198 -0.500000 0.238475 0.340736 0.316174 
0.883022 -0.321394 -0.342020 0.241704 0.327934 0.404677 
0.925417 -0.336824 -0.173648 0.280501 0.273424 0.537251 
0.939693 -0.342020 0.000000 0.366251 0.200347 0.695030 
0.925417 -0.336824 0.173648 0.495334 0.146505 0.837871 
0.883022 -0.321394 0.342020 0.646410 0.146243 0.919078 
0.813798 -0.296198 0.500000 0.785698 0.213273 0.904821 
0.719846 -0.262003 0.642788 0.878331 0.332619 0.789461 
0.604023 -0.219846 0.766044 0.901011 0.465646 0.599676 
0.469846 -0.171010 0.866025 0.850496 0.566066 0.385270 
0.321394 -0.116978 0.939693 0.744227 0.599668 0.200571 
0.163176 -0.059391 0.984808 0.612914 0.558789 0.084562 
0.000000 -0.000000 1.000000 0.488462 0.464922 0.051641 
0.000000 -0.000000 -1.000000 0.488462 0.464922 0.051641 
0.171010 -0.030154 -0.984808 0.408024 0.335240 0.076841 
0.336824 -0.059391 -0.939693 0.349676 0.228851 0.144278 
0.492404 -0.086824 -0.866025 0.302856 0.177806 0.223179 
0.633022 -0.111619 -0.766044 0.256562 0.187945 0.295045 
0.754407 -0.133022 -0.642788 0.208478 0.238336 0.356801 
0.852869 -0.150384 -0.500000 0.168942 0.293026 0.418549 
0.925417 -0.163176 -0.342020 0.157579 0.319353 0.494140 
0.969846 -0.171010 -0.173648 0.193983 0.304083 0.589534 
0.984808 -0.173648 0.000000 0.286824 0.259715 0.695030 
0.969846 -0.171010 0.173648 0.426694 0.217982 0.785588 
0.925417 -0.163176 0.342020 0.586402 0.213684 0.829615 
0.852869 -0.150384 0.500000 0.729084 0.266560 0.802445 
0.754407 -0.133022 0.642788 0.820885 0.369914 0.698372 
0.633022 -0.111619 0.766044 0.842829 0.491573 0.535542 
0.492404 -0.086824 0.866025 0.796809 0.586987 0.351144 
0.336824 -0.059391 0.939693 0.703232 0.618581 0.188720 
0.171010 -0.030154 0.984808 0.591608 0.572488 0.082937 
0.000000 -0.000000 1.000000 0.488462 0.464922 0.051641 
