188
622
634
635
636
637
638
644
645
650
752
771
776
777
783
784
791
792
897
901
902
908
909
916
1053
1057
1065
1070
1072
1098
1266
1267
1268
1280
1281
1286
1332
1335
1337
1342
1343
1344
1348
1349
1357
1358
1360
1365
1366
1367
1372
1374
1375
1380
1381
1385
1392
1393
1398
1407
1414
1449
1452
1456
1471
1478
1485
1529
1548
1566
1572
1576
1579
1583
1589
1612
1620
1621
1673
1674
1680
1726
1732
1737
1742
1743
1745
1753
1760
1769
1836
1837
1845
1846
1863
1879
1881
1892
1899
1900
1921
1923
1925
1926
1934
1935
1936
1940
1941
1944
1947
1952
1956
1958
1962
1974
1975
1981
1995
1996
1997
1998
1999
2002
2003
2004
2007
2009
2014
2027
2037
2038
2039
2040
2043
2044
2046
2050
2051
2052
2054
2069
2074
2075
2083
2102
2116
2118
2121
2122
2128
2132
2133
2144
2153
2167
2200
2220
2221
2292
2446
2464
2471
2472
2473
2520
2529
2585
2593
2604
2684
2688
2697
2704
2709
2732
2787
2817
2823
2824
2828
2881
2882
2902
2911
3022
3146
3155
3159
