124
122
123
125
126
127
129
130
133
135
136
137
142
147
148
150
151
152
153
154
155
156
157
158
161
162
163
166
167
168
174
178
179
180
181
183
187
190
192
193
197
199
200
201
202
205
207
208
210
211
212
214
215
217
224
226
228
230
231
232
233
234
235
236
240
241
242
243
244
252
253
254
255
257
258
260
262
264
266
269
271
272
273
274
276
278
279
280
282
283
284
285
287
288
289
291
292
295
296
297
299
300
301
302
304
305
306
308
316
317
318
319
320
322
324
325
328
332
334
335
336
337
338
340
345
